    0    0    0  141  194  200  265    0    0    0    0    0    0    0    0
    0  179   99  222    0    0    0  300    0    0    0    0    0    0    0
    0    0   97  105  135    0    0    0  664    0    0    0    0    0    0
    0    0    0    0    0    0    0    0    0    0    0    0    0    0    0
    0    0  312    0  288    0    0    0    0  305  415    0    0    0    0
    0    0    0    0    0    0    0    0    0   46    0   86  333  621  165
    0    0    0    0    0    0    0    0    0    0    0    0    0    0    0

    0  104  226  468  606  184  189  125  505  321  270   75  199  286  165

    0   75  282    0   10   16   76  175  159   30  145   11  134  335    0